%YAML:1.0
---
Camera matrix: !!opencv-matrix
   rows: 3
   cols: 3
   dt: d
   data: [ 1.7244853011066725e+03, 0., -6.8688831007937395e+01, 0.,
       1.3272429079891529e+03, -3.8900242184245158e+01, 0., 0., 1. ]
Distortion coefficients: !!opencv-matrix
   rows: 1
   cols: 5
   dt: d
   data: [ -5.7239383022111123e-01, -1.7728588792189326e+00,
       9.2560603920185905e-02, 2.3382351423515477e-01,
       4.3237279879244044e+00 ]
